
*the number of informative plans: 10
*plan interestringness: 0.371
plan id:
0	544	1503	7355	7314	7181	6745	1966	4585	10963	4778	
total time(ms): 1241

*the number of informative plans: 20
*plan interestringness: 0.365
plan id:
0	544	1503	7355	7314	7181	6745	1966	4585	10963	4778	5807	5681	2144	7290	7225	5103	4719	2289	10869	6252	
total time(ms): 1494

*the number of informative plans: 30
*plan interestringness: 0.364
plan id:
0	544	1503	7355	7314	7181	6745	1966	4585	10963	4778	5807	5681	2144	7290	7225	5103	4719	2289	10869	6252	4368	2915	2911	4638	2357	2927	2531	2923	2879	2527	
total time(ms): 1642

*the number of informative plans: 40
*plan interestringness: 0.363
plan id:
0	544	1503	7355	7314	7181	6745	1966	4585	10963	4778	5807	5681	2144	7290	7225	5103	4719	2289	10869	6252	4368	2915	2911	4638	2357	2927	2531	2923	2879	2527	2483	2875	2479	7205	7499	7103	6707	6311	5915	5519	
total time(ms): 1733

*the number of informative plans: 50
*plan interestringness: 0.363
plan id:
0	544	1503	7355	7314	7181	6745	1966	4585	10963	4778	5807	5681	2144	7290	7225	5103	4719	2289	10869	6252	4368	2915	2911	4638	2357	2927	2531	2923	2879	2527	2483	2875	2479	7205	7499	7103	6707	6311	5915	5519	7495	7099	6703	6307	5911	5515	7492	9392	1930	7511	
total time(ms): 1813
