
*the number of informative plans: 10
*plan interestringness: 0.348
plan id:
0	3913	7432	4877	5157	5959	8762	8009	5094	5683	8774	
total time(ms): 607

*the number of informative plans: 20
*plan interestringness: 0.339
plan id:
0	3913	7432	4877	5157	5959	8762	8009	5094	5683	8774	4813	3978	5462	596	5950	7700	5499	4652	4891	7963	
total time(ms): 716

*the number of informative plans: 30
*plan interestringness: 0.333
plan id:
0	3913	7432	4877	5157	5959	8762	8009	5094	5683	8774	4813	3978	5462	596	5950	7700	5499	4652	4891	7963	7715	5699	8846	8748	8727	6368	6675	8720	3809	5591	
total time(ms): 857

*the number of informative plans: 40
*plan interestringness: 0.332
plan id:
0	3913	7432	4877	5157	5959	8762	8009	5094	5683	8774	4813	3978	5462	596	5950	7700	5499	4652	4891	7963	7715	5699	8846	8748	8727	6368	6675	8720	3809	5591	6283	3408	3702	3114	3197	3491	2903	3198	3492	2904	
total time(ms): 909

*the number of informative plans: 50
*plan interestringness: 0.331
plan id:
0	3913	7432	4877	5157	5959	8762	8009	5094	5683	8774	4813	3978	5462	596	5950	7700	5499	4652	4891	7963	7715	5699	8846	8748	8727	6368	6675	8720	3809	5591	6283	3408	3702	3114	3197	3491	2903	3198	3492	2904	3393	3687	3099	3394	3688	3100	6503	8715	8708	6473	
total time(ms): 933
