
*the number of informative plans: 10
plan interestringness: 0.336
plan id:
0	937	1316	1315	1329	1330	1301	1302	1288	1313	1314	
*total time(ms): 137

*the number of informative plans: 20
plan interestringness: 0.335
plan id:
0	937	1316	1315	1329	1330	1301	1302	1288	1313	1314	1328	1327	1300	1299	860	861	874	875	847	846	
*total time(ms): 134

*the number of informative plans: 30
plan interestringness: 0.329
plan id:
0	937	1316	1315	1329	1330	1301	1302	1288	1313	1314	1328	1327	1300	1299	860	861	874	875	847	846	1283	1451	1444	1483	1178	1171	1449	1284	1304	1303	
*total time(ms): 138

*the number of informative plans: 40
plan interestringness: 0.328
plan id:
0	937	1316	1315	1329	1330	1301	1302	1288	1313	1314	1328	1327	1300	1299	860	861	874	875	847	846	1283	1451	1444	1483	1178	1171	1449	1284	1304	1303	1318	1317	1289	1290	1210	938	934	921	922	894	
*total time(ms): 145

*the number of informative plans: 50
plan interestringness: 0.327
plan id:
0	937	1316	1315	1329	1330	1301	1302	1288	1313	1314	1328	1327	1300	1299	860	861	874	875	847	846	1283	1451	1444	1483	1178	1171	1449	1284	1304	1303	1318	1317	1289	1290	1210	938	934	921	922	894	893	912	911	884	883	833	1176	933	858	859	
*total time(ms): 152
