
*the number of informative plans: 10
plan interestringness: 0.376
plan id:
0	15323	16064	16061	15344	15341	17543	17546	16826	16823	11618	
*total time(ms): 4101

*the number of informative plans: 20
plan interestringness: 0.371
plan id:
0	15323	16064	16061	15344	15341	17543	17546	16826	16823	11618	11615	10898	10895	42737	42740	42020	42017	14579	14582	13862	
*total time(ms): 3930

*the number of informative plans: 30
plan interestringness: 0.371
plan id:
0	15323	16064	16061	15344	15341	17543	17546	16826	16823	11618	11615	10898	10895	42737	42740	42020	42017	14579	14582	13862	13859	41255	41258	10136	40535	40538	10133	9416	9413	47186	
*total time(ms): 3931

*the number of informative plans: 40
plan interestringness: 0.370
plan id:
0	15323	16064	16061	15344	15341	17543	17546	16826	16823	11618	11615	10898	10895	42737	42740	42020	42017	14579	14582	13862	13859	41255	41258	10136	40535	40538	10133	9416	9413	47186	47183	46466	46463	48665	48668	47948	47945	13097	13100	12377	
*total time(ms): 3930

*the number of informative plans: 50
plan interestringness: 0.370
plan id:
0	15323	16064	16061	15344	15341	17543	17546	16826	16823	11618	11615	10898	10895	42737	42740	42020	42017	14579	14582	13862	13859	41255	41258	10136	40535	40538	10133	9416	9413	47186	47183	46466	46463	48665	48668	47948	47945	13097	13100	12377	44219	44222	12380	43502	43499	2006	2003	2726	2723	33848	
*total time(ms): 3954
