
*the number of informative plans: 10
plan interestringness: 0.352
plan id:
0	1072	944	2376	945	2377	758	2190	759	2191	694	
*total time(ms): 146

*the number of informative plans: 20
plan interestringness: 0.349
plan id:
0	1072	944	2376	945	2377	758	2190	759	2191	694	2126	695	2127	1414	2846	1415	2847	802	816	2248	
*total time(ms): 143

*the number of informative plans: 30
plan interestringness: 0.349
plan id:
0	1072	944	2376	945	2377	758	2190	759	2191	694	2126	695	2127	1414	2846	1415	2847	802	816	2248	2234	803	817	2249	2235	456	1888	1874	1818	1832	
*total time(ms): 146

*the number of informative plans: 40
plan interestringness: 0.349
plan id:
0	1072	944	2376	945	2377	758	2190	759	2191	694	2126	695	2127	1414	2846	1415	2847	802	816	2248	2234	803	817	2249	2235	456	1888	1874	1818	1832	442	386	400	457	1889	1875	1833	1819	443	387	
*total time(ms): 152

*the number of informative plans: 50
plan interestringness: 0.349
plan id:
0	1072	944	2376	945	2377	758	2190	759	2191	694	2126	695	2127	1414	2846	1415	2847	802	816	2248	2234	803	817	2249	2235	456	1888	1874	1818	1832	442	386	400	457	1889	1875	1833	1819	443	387	401	988	1002	2434	2420	2594	2608	2538	2552	1162	
*total time(ms): 157
