
*the number of informative plans: 10
*plan interestringness: 0.359
plan id:
0	11189	7602	11349	6689	9389	34	8144	1244	270	8128	
total time(ms): 1004

*the number of informative plans: 20
*plan interestringness: 0.354
plan id:
0	11189	7602	11349	6689	9389	34	8144	1244	270	8128	5430	7302	583	2505	6432	6849	7618	5895	3271	9299	
total time(ms): 1080

*the number of informative plans: 30
*plan interestringness: 0.350
plan id:
0	11189	7602	11349	6689	9389	34	8144	1244	270	8128	5430	7302	583	2505	6432	6849	7618	5895	3271	9299	836	8162	8250	6420	8814	5092	2699	6924	5544	134	
total time(ms): 1304

*the number of informative plans: 40
*plan interestringness: 0.349
plan id:
0	11189	7602	11349	6689	9389	34	8144	1244	270	8128	5430	7302	583	2505	6432	6849	7618	5895	3271	9299	836	8162	8250	6420	8814	5092	2699	6924	5544	134	12202	7784	9549	11149	12839	9296	10362	8364	420	7971	
total time(ms): 1531

*the number of informative plans: 50
*plan interestringness: 0.347
plan id:
0	11189	7602	11349	6689	9389	34	8144	1244	270	8128	5430	7302	583	2505	6432	6849	7618	5895	3271	9299	836	8162	8250	6420	8814	5092	2699	6924	5544	134	12202	7784	9549	11149	12839	9296	10362	8364	420	7971	13754	7679	9948	4214	1622	1350	339	6583	1620	81	
total time(ms): 1874
