
*the number of informative plans: 10
plan interestringness: 0.336
plan id:
0	4803	4422	3467	4434	7883	5447	7339	7511	7489	7824	
*total time(ms): 531

*the number of informative plans: 20
plan interestringness: 0.331
plan id:
0	4803	4422	3467	4434	7883	5447	7339	7511	7489	7824	4792	4958	7640	5339	4297	5483	7304	5312	3845	5333	
*total time(ms): 533

*the number of informative plans: 30
plan interestringness: 0.329
plan id:
0	4803	4422	3467	4434	7883	5447	7339	7511	7489	7824	4792	4958	7640	5339	4297	5483	7304	5312	3845	5333	5714	4086	4980	4261	4181	4748	7494	4545	3960	3997	
*total time(ms): 568

*the number of informative plans: 40
plan interestringness: 0.326
plan id:
0	4803	4422	3467	4434	7883	5447	7339	7511	7489	7824	4792	4958	7640	5339	4297	5483	7304	5312	3845	5333	5714	4086	4980	4261	4181	4748	7494	4545	3960	3997	7619	5495	7309	4293	5473	4818	5315	7635	4148	4504	
*total time(ms): 638

*the number of informative plans: 50
plan interestringness: 0.325
plan id:
0	4803	4422	3467	4434	7883	5447	7339	7511	7489	7824	4792	4958	7640	5339	4297	5483	7304	5312	3845	5333	5714	4086	4980	4261	4181	4748	7494	4545	3960	3997	7619	5495	7309	4293	5473	4818	5315	7635	4148	4504	4950	7571	4194	4496	7328	5649	4259	7556	7508	7795	
*total time(ms): 679
