
*the number of informative plans: 10
plan interestringness: 0.343
plan id:
0	5514	7027	6124	6918	9400	6750	10198	3240	5942	9438	
*total time(ms): 663

*the number of informative plans: 20
plan interestringness: 0.338
plan id:
0	5514	7027	6124	6918	9400	6750	10198	3240	5942	9438	5973	5445	9480	6431	6614	6782	6719	6529	6557	7058	
*total time(ms): 655

*the number of informative plans: 30
plan interestringness: 0.337
plan id:
0	5514	7027	6124	6918	9400	6750	10198	3240	5942	9438	5973	5445	9480	6431	6614	6782	6719	6529	6557	7058	9518	6828	9589	2123	6242	7195	6005	6495	7671	9644	
*total time(ms): 688

*the number of informative plans: 40
plan interestringness: 0.334
plan id:
0	5514	7027	6124	6918	9400	6750	10198	3240	5942	9438	5973	5445	9480	6431	6614	6782	6719	6529	6557	7058	9518	6828	9589	2123	6242	7195	6005	6495	7671	9644	5326	6281	6060	6474	6600	5381	5742	3401	5950	7124	
*total time(ms): 720

*the number of informative plans: 50
plan interestringness: 0.332
plan id:
0	5514	7027	6124	6918	9400	6750	10198	3240	5942	9438	5973	5445	9480	6431	6614	6782	6719	6529	6557	7058	9518	6828	9589	2123	6242	7195	6005	6495	7671	9644	5326	6281	6060	6474	6600	5381	5742	3401	5950	7124	6445	6022	7090	3260	10190	9778	5311	6837	2376	6698	
*total time(ms): 795
