
*the number of informative plans: 10
*plan interestringness: 0.348
plan id:
0	1788	2537	2811	1838	2068	2265	2740	1076	3203	2096	
total time(ms): 203

*the number of informative plans: 20
*plan interestringness: 0.344
plan id:
0	1788	2537	2811	1838	2068	2265	2740	1076	3203	2096	2363	1656	1292	1971	3204	2764	2699	929	1201	2812	
total time(ms): 218

*the number of informative plans: 30
*plan interestringness: 0.342
plan id:
0	1788	2537	2811	1838	2068	2265	2740	1076	3203	2096	2363	1656	1292	1971	3204	2764	2699	929	1201	2812	2602	2808	2805	2595	3207	2770	1182	972	1178	1175	
total time(ms): 239

*the number of informative plans: 40
*plan interestringness: 0.339
plan id:
0	1788	2537	2811	1838	2068	2265	2740	1076	3203	2096	2363	1656	1292	1971	3204	2764	2699	929	1201	2812	2602	2808	2805	2595	3207	2770	1182	972	1178	1175	965	923	2371	1759	2642	1972	2259	2217	2370	2219	
total time(ms): 310

*the number of informative plans: 50
*plan interestringness: 0.337
plan id:
0	1788	2537	2811	1838	2068	2265	2740	1076	3203	2096	2363	1656	1292	1971	3204	2764	2699	929	1201	2812	2602	2808	2805	2595	3207	2770	1182	972	1178	1175	965	923	2371	1759	2642	1972	2259	2217	2370	2219	1846	1842	1839	1797	2216	2250	3119	771	2598	2801	
total time(ms): 355
