
*the number of informative plans: 10
plan interestringness: 0.361
plan id:
0	2880	3315	1321	3183	4301	1805	3301	3269	3147	1376	
*total time(ms): 309

*the number of informative plans: 20
plan interestringness: 0.358
plan id:
0	2880	3315	1321	3183	4301	1805	3301	3269	3147	1376	1800	4575	4100	3316	3190	3312	3186	3309	3305	3179	
*total time(ms): 304

*the number of informative plans: 30
plan interestringness: 0.354
plan id:
0	2880	3315	1321	3183	4301	1805	3301	3269	3147	1376	1800	4575	4100	3316	3190	3312	3186	3309	3305	3179	3769	4095	1754	2930	3148	1854	1728	1850	1724	1721	
*total time(ms): 327

*the number of informative plans: 40
plan interestringness: 0.352
plan id:
0	2880	3315	1321	3183	4301	1805	3301	3269	3147	1376	1800	4575	4100	3316	3190	3312	3186	3309	3305	3179	3769	4095	1754	2930	3148	1854	1728	1850	1724	1721	1717	1643	3174	3412	3825	1349	1237	1322	1670	3609	
*total time(ms): 357

*the number of informative plans: 50
plan interestringness: 0.348
plan id:
0	2880	3315	1321	3183	4301	1805	3301	3269	3147	1376	1800	4575	4100	3316	3190	3312	3186	3309	3305	3179	3769	4095	1754	2930	3148	1854	1728	1850	1724	1721	1717	1643	3174	3412	3825	1349	1237	1322	1670	3609	4504	85	1528	4169	3231	3143	3101	2168	1847	1843	
*total time(ms): 409
