
*the number of informative plans: 10
*plan interestringness: 0.335
plan id:
0	1555	3188	1158	1778	3281	3763	3274	3756	1790	3873	
total time(ms): 268

*the number of informative plans: 20
*plan interestringness: 0.329
plan id:
0	1555	3188	1158	1778	3281	3763	3274	3756	1790	3873	1253	2057	3168	2938	3280	3762	3127	3665	3273	3755	
total time(ms): 294

*the number of informative plans: 30
*plan interestringness: 0.327
plan id:
0	1555	3188	1158	1778	3281	3763	3274	3756	1790	3873	1253	2057	3168	2938	3280	3762	3127	3665	3273	3755	3120	3658	289	771	282	764	1544	1252	2056	1246	
total time(ms): 309

*the number of informative plans: 40
*plan interestringness: 0.322
plan id:
0	1555	3188	1158	1778	3281	3763	3274	3756	1790	3873	1253	2057	3168	2938	3280	3762	3127	3665	3273	3755	3120	3658	289	771	282	764	1544	1252	2056	1246	2050	3574	3282	3764	2511	2833	2469	2791	3216	3272	
total time(ms): 428

*the number of informative plans: 50
*plan interestringness: 0.321
plan id:
0	1555	3188	1158	1778	3281	3763	3274	3756	1790	3873	1253	2057	3168	2938	3280	3762	3127	3665	3273	3755	3120	3658	289	771	282	764	1544	1252	2056	1246	2050	3574	3282	3764	2511	2833	2469	2791	3216	3272	3244	3754	3126	3664	3119	3657	3314	3796	3160	3698	
total time(ms): 431
