
*the number of informative plans: 10
*plan interestringness: 0.346
plan id:
0	3530	3132	7061	6217	4524	6239	4937	5830	6225	6266	
total time(ms): 474

*the number of informative plans: 20
*plan interestringness: 0.341
plan id:
0	3530	3132	7061	6217	4524	6239	4937	5830	6225	6266	3901	5839	4768	6350	4929	3231	1937	3727	3244	3705	
total time(ms): 497

*the number of informative plans: 30
*plan interestringness: 0.336
plan id:
0	3530	3132	7061	6217	4524	6239	4937	5830	6225	6266	3901	5839	4768	6350	4929	3231	1937	3727	3244	3705	4741	2730	6868	4476	2731	1931	5048	6276	618	3909	
total time(ms): 566

*the number of informative plans: 40
*plan interestringness: 0.332
plan id:
0	3530	3132	7061	6217	4524	6239	4937	5830	6225	6266	3901	5839	4768	6350	4929	3231	1937	3727	3244	3705	4741	2730	6868	4476	2731	1931	5048	6276	618	3909	3020	4471	2706	5846	2348	3587	5153	6093	2618	4714	
total time(ms): 628

*the number of informative plans: 50
*plan interestringness: 0.330
plan id:
0	3530	3132	7061	6217	4524	6239	4937	5830	6225	6266	3901	5839	4768	6350	4929	3231	1937	3727	3244	3705	4741	2730	6868	4476	2731	1931	5048	6276	618	3909	3020	4471	2706	5846	2348	3587	5153	6093	2618	4714	4709	6547	3614	3764	6539	4230	1453	4776	1949	1510	
total time(ms): 812
